twf_m1(1)=128.000000+j0.000000
twf_m1(2)=128.000000+j0.000000
twf_m1(3)=128.000000+j0.000000
twf_m1(4)=128.000000+j0.000000
twf_m1(5)=128.000000+j0.000000
twf_m1(6)=128.000000+j0.000000
twf_m1(7)=128.000000+j0.000000
twf_m1(8)=128.000000+j0.000000
twf_m1(9)=128.000000+j0.000000
twf_m1(10)=118.000000+j-49.000000
twf_m1(11)=91.000000+j-91.000000
twf_m1(12)=49.000000+j-118.000000
twf_m1(13)=0.000000+j-128.000000
twf_m1(14)=-49.000000+j-118.000000
twf_m1(15)=-91.000000+j-91.000000
twf_m1(16)=-118.000000+j-49.000000
twf_m1(17)=128.000000+j0.000000
twf_m1(18)=126.000000+j-25.000000
twf_m1(19)=118.000000+j-49.000000
twf_m1(20)=106.000000+j-71.000000
twf_m1(21)=91.000000+j-91.000000
twf_m1(22)=71.000000+j-106.000000
twf_m1(23)=49.000000+j-118.000000
twf_m1(24)=25.000000+j-126.000000
twf_m1(25)=128.000000+j0.000000
twf_m1(26)=106.000000+j-71.000000
twf_m1(27)=49.000000+j-118.000000
twf_m1(28)=-25.000000+j-126.000000
twf_m1(29)=-91.000000+j-91.000000
twf_m1(30)=-126.000000+j-25.000000
twf_m1(31)=-118.000000+j49.000000
twf_m1(32)=-71.000000+j106.000000
twf_m1(33)=128.000000+j0.000000
twf_m1(34)=127.000000+j-13.000000
twf_m1(35)=126.000000+j-25.000000
twf_m1(36)=122.000000+j-37.000000
twf_m1(37)=118.000000+j-49.000000
twf_m1(38)=113.000000+j-60.000000
twf_m1(39)=106.000000+j-71.000000
twf_m1(40)=99.000000+j-81.000000
twf_m1(41)=128.000000+j0.000000
twf_m1(42)=113.000000+j-60.000000
twf_m1(43)=71.000000+j-106.000000
twf_m1(44)=13.000000+j-127.000000
twf_m1(45)=-49.000000+j-118.000000
twf_m1(46)=-99.000000+j-81.000000
twf_m1(47)=-126.000000+j-25.000000
twf_m1(48)=-122.000000+j37.000000
twf_m1(49)=128.000000+j0.000000
twf_m1(50)=122.000000+j-37.000000
twf_m1(51)=106.000000+j-71.000000
twf_m1(52)=81.000000+j-99.000000
twf_m1(53)=49.000000+j-118.000000
twf_m1(54)=13.000000+j-127.000000
twf_m1(55)=-25.000000+j-126.000000
twf_m1(56)=-60.000000+j-113.000000
twf_m1(57)=128.000000+j0.000000
twf_m1(58)=99.000000+j-81.000000
twf_m1(59)=25.000000+j-126.000000
twf_m1(60)=-60.000000+j-113.000000
twf_m1(61)=-118.000000+j-49.000000
twf_m1(62)=-122.000000+j37.000000
twf_m1(63)=-71.000000+j106.000000
twf_m1(64)=13.000000+j127.000000
