twf_m1(1)=1.000000+j0.000000
twf_m1(2)=1.000000+j0.000000
twf_m1(3)=1.000000+j0.000000
twf_m1(4)=1.000000+j0.000000
twf_m1(5)=1.000000+j0.000000
twf_m1(6)=1.000000+j0.000000
twf_m1(7)=1.000000+j0.000000
twf_m1(8)=1.000000+j0.000000
twf_m1(9)=1.000000+j0.000000
twf_m1(10)=0.923880+j-0.382683
twf_m1(11)=0.707107+j-0.707107
twf_m1(12)=0.382683+j-0.923880
twf_m1(13)=0.000000+j-1.000000
twf_m1(14)=-0.382683+j-0.923880
twf_m1(15)=-0.707107+j-0.707107
twf_m1(16)=-0.923880+j-0.382683
twf_m1(17)=1.000000+j0.000000
twf_m1(18)=0.980785+j-0.195090
twf_m1(19)=0.923880+j-0.382683
twf_m1(20)=0.831470+j-0.555570
twf_m1(21)=0.707107+j-0.707107
twf_m1(22)=0.555570+j-0.831470
twf_m1(23)=0.382683+j-0.923880
twf_m1(24)=0.195090+j-0.980785
twf_m1(25)=1.000000+j0.000000
twf_m1(26)=0.831470+j-0.555570
twf_m1(27)=0.382683+j-0.923880
twf_m1(28)=-0.195090+j-0.980785
twf_m1(29)=-0.707107+j-0.707107
twf_m1(30)=-0.980785+j-0.195090
twf_m1(31)=-0.923880+j0.382683
twf_m1(32)=-0.555570+j0.831470
twf_m1(33)=1.000000+j0.000000
twf_m1(34)=0.995185+j-0.098017
twf_m1(35)=0.980785+j-0.195090
twf_m1(36)=0.956940+j-0.290285
twf_m1(37)=0.923880+j-0.382683
twf_m1(38)=0.881921+j-0.471397
twf_m1(39)=0.831470+j-0.555570
twf_m1(40)=0.773010+j-0.634393
twf_m1(41)=1.000000+j0.000000
twf_m1(42)=0.881921+j-0.471397
twf_m1(43)=0.555570+j-0.831470
twf_m1(44)=0.098017+j-0.995185
twf_m1(45)=-0.382683+j-0.923880
twf_m1(46)=-0.773010+j-0.634393
twf_m1(47)=-0.980785+j-0.195090
twf_m1(48)=-0.956940+j0.290285
twf_m1(49)=1.000000+j0.000000
twf_m1(50)=0.956940+j-0.290285
twf_m1(51)=0.831470+j-0.555570
twf_m1(52)=0.634393+j-0.773010
twf_m1(53)=0.382683+j-0.923880
twf_m1(54)=0.098017+j-0.995185
twf_m1(55)=-0.195090+j-0.980785
twf_m1(56)=-0.471397+j-0.881921
twf_m1(57)=1.000000+j0.000000
twf_m1(58)=0.773010+j-0.634393
twf_m1(59)=0.195090+j-0.980785
twf_m1(60)=-0.471397+j-0.881921
twf_m1(61)=-0.923880+j-0.382683
twf_m1(62)=-0.956940+j0.290285
twf_m1(63)=-0.555570+j0.831470
twf_m1(64)=0.098017+j0.995185
